· PRAEFATIO. XI

111111, Ρ131131, 263 pharetrae, 276 1111111113, 28713113,
30811111, 316 11311111, 3281111113 per, 335 31, 336
31311111, 3501111113, 3551131111, 373 fuerant, 380
11111, 3841111111 tanrns; Π 3111111, 411111331111, 16
11111313, 211113, 2211131, 231113, 2511111113, 3031- ·
111134311111364113113113, 8311111311, 9711111, 115
113111, 112311 1313111111 1311111,137111111311311,145113-
31311811111311111861113111,19711111202111111,
2121331, 2141111111, 225131131122611111 23011
1111, 280 0131113285131113, 311111111113113, 312131
3111111328 311111111331 111111 113 1311339111131111,
346 1131111131, 350 1111111113111131111, 3621313111,
37411111, 37 5 1111111311, 3881111111, 389 11111131, 392 4
11313, 406 1133111113, 423 111131113, 442 snperbia, 459

· 111, 465 81111113, 471 11111; ΠΙ praef. lanatas, 5113113,
anana HI 1211111, 1311111111, 30 Nan· 34 Ν11,
37 arants, 4111111111, 57113313, 641111 81111111, 77 31-
1111, 88113113, 918111111111, 95 1111111113 313 1111
31113, 99 Η11, 1001111111, 14111113, 147 feriret, 167
1111311 131, 1711111131113, 17311111, 1811113111, ’182ι
tna faeta, 201 1111131131, 249 1113111111, 253 1111111111,
2661111, 290 1111311311, 30411131111131, 308Η1111111..
fatiant, 317 1111111311, 329 31311313.. ,1111131113 344
· tnta, 358 13111 368 31113111 De sexoaonsula ·
Honorii praef. 2311111113;711111310311123111131,
44 11111311348111111, 6811111111, 10731311331, 109
3191113, 118 1111111133, 14711113113, 158 3131113, 168
11111111,203Α3111 (Camers 1113111), 213 3111111331,
214111111323011311111, 2341113131, 2381133111113
1311, 244 11113271111113, 289111131111, 291Η131,
2981111311, 302 1111111111, 31411113 31, 3151311331,
320 tetendit, 3341111111, 337 011111 3313111113, 343
11111311, 359 1111111... 1111311, 364 1111111133, 369
frenabam, 372 11111131, 400 Pharsalica, 411 111131,
4221111, 4331111111, 438 a· 11131 31311113 patant, 440
fnit, 455 1111111131, 46811111, 47311111111111, 487
11111131, 489 transnatat, 491 1111113131, 501 1113101193

 

